I: 2.88889
ti: 2 0 0.666667 